cpu  23956681 86 2491154 276930339 452669 134 45846 0 0
cpu0 1023854 5 94861 8300855 26187 46 3647 0 0
cpu1 895919 0 90014 8498663 8155 0 151 0 0
cpu2 706985 0 72488 8712444 5615 0 113 0 0
cpu3 716948 2 79599 8697716 3499 0 104 0 0
cpu4 669018 0 65668 8762126 2409 0 77 0 0
cpu5 606510 0 66311 8823545 2311 0 79 0 0
cpu6 641878 0 64244 8791133 2450 0 73 0 0
cpu7 650171 0 66140 8781258 1846 0 64 0 0
cpu8 1097739 13 105210 8126998 146658 2 9283 0 0
cpu9 889406 0 88383 8500997 16283 0 157 0 0
cpu10 763726 0 76826 8651515 6422 0 108 0 0
cpu11 622066 5 84104 8786090 5893 0 104 0 0
cpu12 703386 0 67915 8724384 4647 0 76 0 0
cpu13 560920 0 69053 8868682 3664 0 70 0 0
cpu14 658597 0 66091 8774151 4280 0 60 0 0
cpu15 713717 0 66838 8719888 2408 0 71 0 0
cpu16 1037799 7 125398 8221046 88513 77 14299 0 0
cpu17 1041283 3 90056 8346997 19377 0 150 0 0
cpu18 753747 0 75034 8662731 6679 0 107 0 0
cpu19 732118 5 76598 8683918 5388 0 97 0 0
cpu20 723746 0 67964 8702259 4336 0 88 0 0
cpu21 597649 2 67257 8830995 3523 0 71 0 0
cpu22 666248 0 65825 8764948 3041 0 66 0 0
cpu23 586545 0 66837 8843682 3286 0 67 0 0
cpu24 1051599 30 116664 8256400 43143 7 15679 0 0
cpu25 845135 1 91614 8548181 10952 0 298 0 0
cpu26 719630 0 75597 8697457 5549 0 146 0 0
cpu27 699801 3 80973 8713328 4154 0 112 0 0
cpu28 717557 0 69485 8708808 3643 0 156 0 0
cpu29 596190 1 67073 8832727 3165 0 87 0 0
cpu30 711660 0 66487 8718739 3014 0 103 0 0
cpu31 555117 0 64533 8877661 2164 0 65 0 0
intr 612082674 46569642 2 0 2 2 0 0 0 1 0 0 0 4 0 158 0 2 0 34 2 0 0 284824 0 1 6327394 11624344 10855631 4559415 16365673 2450001 10501871 7878569 0 0 0 0 0 0 0 0 0 0 0 0 0 0 0 0 0 0 0 0 0 0 0 0 0 0 0 0 0 0 0 0 0 0 0 0 0 0 0 0 0 0 0 0 0 0 0 0 0 0 0 0 0 0 0 0 0 0 0 0 0 0 0 0 0 0 0 0 0 0 0 0 0 0 0 0 0 0 0 0 0 0 0 0 0 0 0 0 0 0 0 0 0 0 0 0 0 0 0 0 0 0 0 0 0 0 0 0 0 0 0 0 0 0 0 0 0 0 0 0 0 0 0 0 0 0 0 0 0 0 0 0 0 0 0 0 0 0 0 0 0 0 0 0 0 0 0 0 0 0 0 0 0 0 0 0 0 0 0 0 0 0 0 0 0 0 0 0 0 0 0 0 0 0 0 0 0 0 0 0 0 0 0 0 0 0 0 0 0 0 0 0 0 0 0 0 0 0 0 0 0 0 0 0 0 0 0 0 0 0 0 0 0 0 0 0 0 0 0 0 0 0 0 0 0 0 0 0 0 0 0 0 0 0 0 0 0 0 0 0 0 0 0 0 0 0 0 0 0 0 0 0 0 0 0 0 0 0 0 0 0 0 0 0 0 0 0 0 0 0 0 0 0 0 0 0 0 0 0 0 0 0 0 0 0 0 0 0 0 0 0 0 0 0 0 0 0 0 0 0 0 0 0 0 0 0 0 0 0 0 0 0 0 0 0 0 0 0 0 0 0 0 0 0 0 0 0 0 0 0 0 0 0 0 0 0 0 0 0 0 0 0 0 0 0 0 0 0 0 0 0 0 0 0 0 0 0 0 0 0 0 0 0 0 0 0 0 0 0 0 0 0 0 0 0 0 0 0 0 0 0 0 0 0 0 0 0 0 0 0 0 0 0 0 0 0 0 0 0 0 0 0 0 0 0 0 0 0 0 0 0 0 0 0 0 0 0 0 0 0 0 0 0 0 0 0 0 0 0 0 0 0 0 0 0 0 0 0 0 0 0 0 0 0 0 0 0 0 0 0 0 0 0 0 0 0 0 0 0 0 0 0 0 0 0 0 0 0 0 0 0 0 0 0 0 0 0 0 0 0 0 0 0 0 0 0 0 0 0 0 0 0 0 0 0 0 0 0 0 0 0 0 0 0 0 0 0 0 0 0 0 0 0 0 0 0 0 0 0 0 0 0 0 0 0 0 0 0 0 0 0 0 0 0 0 0 0 0 0 0 0 0 0 0 0 0 0 0 0 0 0 0 0 0 0 0 0 0 0 0 0 0 0 0 0 0 0 0 0 0 0 0 0 0 0 0 0 0 0 0 0 0 0 0 0 0 0 0 0 0 0 0 0 0 0 0 0 0 0 0 0 0 0 0 0 0 0 0 0 0 0 0 0 0 0 0 0 0 0 0 0 0 0 0 0 0 0 0 0 0 0
ctxt 447203878
btime 1389823308
processes 479488
procs_running 8
procs_blocked 0
softirq 748434164 0 305936985 19146 74246329 284117 0 95094 48736345 246975 318869173
